N	10000
lakossag	10000
alfa (megbetegedesi valoszinuseg)	0.300000
beta (gyogyulasi valoszinuseg)	0.100000
gamma (oltva megbetegedesi valoszinuseg)	0.000000
veletlen_keveredes	1
idoegyseg	beteg	erzekeny	gyogyult
0	10	9990	0
10	10	9990	0
20	10	9990	0
30	10	9990	0
40	10	9990	0
50	10	9990	0
60	10	9990	0
70	10	9990	0
80	10	9990	0
90	10	9990	0
100	10	9990	0
110	10	9990	0
120	10	9990	0
130	10	9990	0
140	10	9990	0
150	10	9990	0
160	10	9990	0
170	10	9990	0
180	10	9990	0
190	10	9990	0
200	10	9990	0
210	10	9990	0
220	10	9990	0
230	10	9990	0
240	10	9990	0
250	10	9990	0
260	10	9990	0
270	10	9990	0
280	10	9990	0
290	10	9990	0
300	10	9990	0
310	10	9990	0
320	10	9990	0
330	10	9990	0
340	10	9990	0
350	10	9990	0
360	10	9990	0
370	10	9990	0
380	10	9990	0
390	10	9990	0
400	10	9990	0
410	10	9990	0
420	10	9990	0
430	10	9990	0
440	10	9990	0
450	10	9990	0
460	10	9990	0
470	10	9990	0
480	10	9990	0
490	10	9990	0
500	10	9990	0
510	10	9990	0
520	10	9990	0
530	10	9990	0
540	10	9990	0
550	10	9990	0
560	10	9990	0
570	10	9990	0
580	10	9990	0
590	10	9990	0
600	10	9990	0
610	10	9990	0
620	10	9990	0
630	10	9990	0
640	10	9990	0
650	10	9990	0
660	10	9990	0
670	10	9990	0
680	10	9990	0
690	10	9990	0
700	10	9990	0
710	10	9990	0
720	10	9990	0
730	10	9990	0
740	10	9990	0
750	10	9990	0
760	10	9990	0
770	10	9990	0
780	10	9990	0
790	10	9990	0
800	10	9990	0
810	10	9990	0
820	10	9990	0
830	10	9990	0
840	10	9990	0
850	10	9990	0
860	10	9990	0
870	10	9990	0
880	10	9990	0
890	10	9990	0
900	10	9990	0
910	10	9990	0
920	10	9990	0
930	10	9990	0
940	10	9990	0
950	10	9990	0
960	10	9990	0
970	10	9990	0
980	10	9990	0
990	10	9990	0
1000	10	9990	0
1010	10	9990	0
1020	10	9990	0
1030	10	9990	0
1040	10	9990	0
1050	10	9990	0
1060	10	9990	0
1070	10	9990	0
1080	10	9990	0
1090	10	9990	0
1100	10	9990	0
1110	10	9990	0
1120	10	9990	0
1130	10	9990	0
1140	10	9990	0
1150	10	9990	0
1160	10	9990	0
1170	10	9990	0
1180	10	9990	0
1190	10	9990	0
1200	10	9990	0
1210	10	9990	0
1220	10	9990	0
1230	10	9990	0
1240	10	9990	0
1250	10	9990	0
1260	10	9990	0
1270	10	9990	0
1280	10	9990	0
1290	10	9990	0
1300	10	9990	0
1310	10	9990	0
1320	10	9990	0
1330	10	9990	0
1340	10	9990	0
1350	10	9990	0
1360	10	9990	0
1370	10	9990	0
1380	10	9990	0
1390	10	9990	0
1400	10	9990	0
1410	10	9990	0
1420	10	9990	0
1430	11	9989	0
1440	11	9989	0
1450	11	9989	0
1460	11	9989	0
1470	11	9989	0
1480	11	9989	0
1490	11	9989	0
1500	11	9989	0
1510	11	9989	0
1520	11	9989	0
1530	11	9989	0
1540	11	9989	0
1550	11	9989	0
1560	11	9989	0
1570	11	9989	0
1580	11	9989	0
1590	11	9989	0
1600	11	9989	0
1610	11	9989	0
1620	11	9989	0
1630	11	9989	0
1640	11	9989	0
1650	11	9989	0
1660	11	9989	0
1670	11	9989	0
1680	11	9989	0
1690	11	9989	0
1700	11	9989	0
1710	11	9989	0
1720	11	9989	0
1730	11	9989	0
1740	11	9989	0
1750	11	9989	0
1760	11	9989	0
1770	11	9989	0
1780	11	9989	0
1790	11	9989	0
1800	11	9989	0
1810	11	9989	0
1820	11	9989	0
1830	11	9989	0
1840	11	9989	0
1850	11	9989	0
1860	11	9989	0
1870	11	9989	0
1880	11	9989	0
1890	11	9989	0
1900	11	9989	0
1910	11	9989	0
1920	11	9989	0
1930	11	9989	0
1940	11	9989	0
1950	11	9989	0
1960	11	9989	0
1970	11	9989	0
1980	11	9989	0
1990	11	9989	0
2000	11	9989	0
2010	11	9989	0
2020	11	9989	0
2030	11	9989	0
2040	11	9989	0
2050	11	9989	0
2060	11	9989	0
2070	11	9989	0
2080	11	9989	0
2090	11	9989	0
2100	11	9989	0
2110	11	9989	0
2120	11	9989	0
2130	11	9989	0
2140	11	9989	0
2150	11	9989	0
2160	11	9989	0
2170	11	9989	0
2180	11	9989	0
2190	11	9989	0
2200	11	9989	0
2210	11	9989	0
2220	11	9989	0
2230	11	9989	0
2240	11	9989	0
2250	11	9989	0
2260	11	9989	0
2270	11	9989	0
2280	11	9989	0
2290	11	9989	0
2300	11	9989	0
2310	11	9989	0
2320	11	9989	0
2330	11	9989	0
2340	11	9989	0
2350	11	9989	0
2360	11	9989	0
2370	11	9989	0
2380	11	9989	0
2390	11	9989	0
2400	11	9989	0
2410	11	9989	0
2420	11	9989	0
2430	11	9989	0
2440	11	9989	0
2450	11	9989	0
2460	11	9989	0
2470	11	9989	0
2480	11	9989	0
2490	11	9989	0
2500	11	9989	0
2510	11	9989	0
2520	11	9989	0
2530	11	9989	0
2540	11	9989	0
2550	11	9989	0
2560	11	9989	0
2570	11	9989	0
2580	11	9989	0
2590	11	9989	0
2600	11	9989	0
2610	11	9989	0
2620	11	9989	0
2630	11	9989	0
2640	11	9989	0
2650	11	9989	0
2660	11	9989	0
2670	11	9989	0
2680	11	9989	0
2690	11	9989	0
2700	11	9989	0
2710	11	9989	0
2720	11	9989	0
2730	11	9989	0
2740	11	9989	0
2750	11	9989	0
2760	11	9989	0
2770	11	9989	0
2780	11	9989	0
2790	11	9989	0
2800	11	9989	0
2810	11	9989	0
2820	11	9989	0
2830	11	9989	0
2840	11	9989	0
2850	11	9989	0
2860	11	9989	0
2870	11	9989	0
2880	11	9989	0
2890	11	9989	0
2900	11	9989	0
2910	11	9989	0
2920	11	9989	0
2930	11	9989	0
2940	11	9989	0
2950	11	9989	0
2960	11	9989	0
2970	11	9989	0
2980	11	9989	0
2990	11	9989	0
3000	11	9989	0
3010	11	9989	0
3020	11	9989	0
3030	11	9989	0
3040	11	9989	0
3050	11	9989	0
3060	11	9989	0
3070	11	9989	0
3080	11	9989	0
3090	11	9989	0
3100	11	9989	0
3110	11	9989	0
3120	11	9989	0
3130	11	9989	0
3140	11	9989	0
3150	11	9989	0
3160	11	9989	0
3170	11	9989	0
3180	11	9989	0
3190	11	9989	0
3200	11	9989	0
3210	11	9989	0
3220	11	9989	0
3230	11	9989	0
3240	11	9989	0
3250	11	9989	0
3260	11	9989	0
3270	11	9989	0
3280	11	9989	0
3290	11	9989	0
3300	11	9989	0
3310	11	9989	0
3320	11	9989	0
3330	11	9989	0
3340	11	9989	0
3350	11	9989	0
3360	11	9989	0
3370	11	9989	0
3380	11	9989	0
3390	11	9989	0
3400	11	9989	0
3410	11	9989	0
3420	11	9989	0
3430	11	9989	0
3440	11	9989	0
3450	11	9989	0
3460	11	9989	0
3470	11	9989	0
3480	11	9989	0
3490	11	9989	0
3500	11	9989	0
3510	11	9989	0
3520	11	9989	0
3530	11	9989	0
3540	11	9989	0
3550	11	9989	0
3560	11	9989	0
3570	11	9989	0
3580	11	9989	0
3590	11	9989	0
3600	11	9989	0
3610	11	9989	0
3620	11	9989	0
3630	11	9989	0
3640	11	9989	0
3650	11	9989	0
3660	11	9989	0
3670	11	9989	0
3680	11	9989	0
3690	11	9989	0
3700	11	9989	0
3710	11	9989	0
3720	11	9989	0
3730	11	9989	0
3740	11	9989	0
3750	11	9989	0
3760	11	9989	0
3770	11	9989	0
3780	11	9989	0
3790	11	9989	0
3800	11	9989	0
3810	11	9989	0
3820	11	9989	0
3830	11	9989	0
3840	11	9989	0
3850	11	9989	0
3860	11	9989	0
3870	11	9989	0
3880	11	9989	0
3890	11	9989	0
3900	11	9989	0
3910	11	9989	0
3920	11	9989	0
3930	11	9989	0
3940	11	9989	0
3950	11	9989	0
3960	11	9989	0
3970	12	9988	0
3980	12	9988	0
3990	12	9988	0
4000	12	9988	0
4010	12	9988	0
4020	12	9988	0
4030	12	9988	0
4040	12	9988	0
4050	12	9988	0
4060	12	9988	0
4070	12	9988	0
4080	12	9988	0
4090	12	9988	0
4100	12	9988	0
4110	12	9988	0
4120	12	9988	0
4130	12	9988	0
4140	12	9988	0
4150	12	9988	0
4160	12	9988	0
4170	12	9988	0
4180	12	9988	0
4190	12	9988	0
4200	12	9988	0
4210	12	9988	0
4220	12	9988	0
4230	12	9988	0
4240	12	9988	0
4250	12	9988	0
4260	12	9988	0
4270	12	9988	0
4280	12	9988	0
4290	12	9988	0
4300	12	9988	0
4310	12	9988	0
4320	12	9988	0
4330	12	9988	0
4340	12	9988	0
4350	12	9988	0
4360	12	9988	0
4370	12	9988	0
4380	12	9988	0
4390	12	9988	0
4400	11	9988	1
4410	11	9988	1
4420	11	9988	1
4430	11	9988	1
4440	11	9988	1
4450	11	9988	1
4460	11	9988	1
4470	11	9988	1
4480	11	9988	1
4490	11	9988	1
4500	11	9988	1
4510	11	9988	1
4520	11	9988	1
4530	11	9988	1
4540	11	9988	1
4550	11	9988	1
4560	11	9988	1
4570	11	9988	1
4580	11	9988	1
4590	11	9988	1
4600	11	9988	1
4610	11	9988	1
4620	11	9988	1
4630	11	9988	1
4640	11	9988	1
4650	11	9988	1
4660	11	9988	1
4670	11	9988	1
4680	11	9988	1
4690	11	9988	1
4700	11	9988	1
4710	11	9988	1
4720	11	9988	1
4730	11	9988	1
4740	11	9988	1
4750	11	9988	1
4760	11	9988	1
4770	11	9988	1
4780	11	9988	1
4790	11	9988	1
4800	11	9988	1
4810	11	9988	1
4820	11	9988	1
4830	11	9988	1
4840	11	9988	1
4850	11	9988	1
4860	11	9988	1
4870	11	9988	1
4880	11	9988	1
4890	11	9988	1
4900	11	9988	1
4910	11	9988	1
4920	11	9988	1
4930	11	9988	1
4940	11	9988	1
4950	11	9988	1
4960	11	9988	1
4970	11	9988	1
4980	11	9988	1
4990	11	9988	1
5000	11	9988	1
5010	11	9988	1
5020	11	9988	1
5030	11	9988	1
5040	11	9988	1
5050	11	9988	1
5060	11	9988	1
5070	11	9988	1
5080	11	9988	1
5090	11	9988	1
5100	11	9988	1
5110	11	9988	1
5120	11	9988	1
5130	11	9988	1
5140	11	9988	1
5150	11	9988	1
5160	11	9988	1
5170	11	9988	1
5180	11	9988	1
5190	11	9988	1
5200	11	9988	1
5210	11	9988	1
5220	11	9988	1
5230	11	9988	1
5240	11	9988	1
5250	11	9988	1
5260	11	9988	1
5270	11	9988	1
5280	11	9988	1
5290	11	9988	1
5300	11	9988	1
5310	11	9988	1
5320	11	9988	1
5330	11	9988	1
5340	11	9988	1
5350	11	9988	1
5360	11	9988	1
5370	11	9988	1
5380	11	9988	1
5390	11	9988	1
5400	11	9988	1
5410	11	9988	1
5420	11	9988	1
5430	11	9988	1
5440	11	9988	1
5450	11	9988	1
5460	11	9988	1
5470	11	9988	1
5480	11	9988	1
5490	11	9988	1
5500	11	9988	1
5510	11	9988	1
5520	11	9988	1
5530	11	9988	1
5540	11	9988	1
5550	11	9988	1
5560	11	9988	1
5570	11	9988	1
5580	11	9988	1
5590	11	9988	1
5600	11	9988	1
5610	11	9988	1
5620	11	9988	1
5630	11	9988	1
5640	11	9988	1
5650	11	9988	1
5660	11	9988	1
5670	11	9988	1
5680	11	9988	1
5690	11	9988	1
5700	11	9988	1
5710	11	9988	1
5720	11	9988	1
5730	11	9988	1
5740	11	9988	1
5750	11	9988	1
5760	11	9988	1
5770	11	9988	1
5780	11	9988	1
5790	11	9988	1
5800	11	9988	1
5810	11	9988	1
5820	11	9988	1
5830	11	9988	1
5840	11	9988	1
5850	11	9988	1
5860	11	9988	1
5870	11	9988	1
5880	11	9988	1
5890	11	9988	1
5900	11	9988	1
5910	11	9988	1
5920	11	9988	1
5930	11	9988	1
5940	11	9988	1
5950	11	9988	1
5960	11	9988	1
5970	12	9987	1
5980	12	9987	1
5990	12	9987	1
6000	12	9987	1
6010	12	9987	1
6020	12	9987	1
6030	13	9986	1
6040	13	9986	1
6050	13	9986	1
6060	13	9986	1
6070	13	9986	1
6080	13	9986	1
6090	13	9986	1
6100	13	9986	1
6110	13	9986	1
6120	13	9986	1
6130	13	9986	1
6140	13	9986	1
6150	13	9986	1
6160	13	9986	1
6170	13	9986	1
6180	13	9986	1
6190	13	9986	1
6200	13	9986	1
6210	13	9986	1
6220	13	9986	1
6230	13	9986	1
6240	13	9986	1
6250	13	9986	1
6260	13	9986	1
6270	13	9986	1
6280	13	9986	1
6290	13	9986	1
6300	13	9986	1
6310	13	9986	1
6320	13	9986	1
6330	13	9986	1
6340	13	9986	1
6350	13	9986	1
6360	13	9986	1
6370	13	9986	1
6380	13	9986	1
6390	13	9986	1
6400	13	9986	1
6410	13	9986	1
6420	13	9986	1
6430	13	9986	1
6440	13	9986	1
6450	13	9986	1
6460	13	9986	1
6470	13	9986	1
6480	13	9986	1
6490	13	9986	1
6500	13	9986	1
6510	13	9986	1
6520	13	9986	1
6530	13	9986	1
6540	13	9986	1
6550	13	9986	1
6560	13	9986	1
6570	13	9986	1
6580	13	9986	1
6590	13	9986	1
6600	13	9986	1
6610	13	9986	1
6620	13	9986	1
6630	13	9986	1
6640	13	9986	1
6650	13	9986	1
6660	13	9986	1
6670	13	9986	1
6680	13	9986	1
6690	13	9986	1
6700	13	9986	1
6710	13	9986	1
6720	13	9986	1
6730	13	9986	1
6740	13	9986	1
6750	13	9986	1
6760	13	9986	1
6770	13	9986	1
6780	13	9986	1
6790	13	9986	1
6800	13	9986	1
6810	13	9986	1
6820	13	9986	1
6830	13	9986	1
6840	14	9985	1
6850	14	9985	1
6860	14	9985	1
6870	14	9985	1
6880	14	9985	1
6890	14	9985	1
6900	14	9985	1
6910	14	9985	1
6920	14	9985	1
6930	14	9985	1
6940	14	9985	1
6950	14	9985	1
6960	14	9985	1
6970	14	9985	1
6980	14	9985	1
6990	14	9985	1
7000	14	9985	1
7010	14	9985	1
7020	14	9985	1
7030	14	9985	1
7040	14	9985	1
7050	14	9985	1
7060	14	9985	1
7070	14	9985	1
7080	14	9985	1
7090	14	9985	1
7100	14	9985	1
7110	14	9985	1
7120	14	9985	1
7130	15	9984	1
7140	15	9984	1
7150	15	9984	1
7160	15	9984	1
7170	15	9984	1
7180	15	9984	1
7190	15	9984	1
7200	15	9984	1
7210	15	9984	1
7220	15	9984	1
7230	15	9984	1
7240	15	9984	1
7250	15	9984	1
7260	15	9984	1
7270	15	9984	1
7280	15	9984	1
7290	15	9984	1
7300	15	9984	1
7310	15	9984	1
7320	15	9984	1
7330	15	9984	1
7340	15	9984	1
7350	15	9984	1
7360	15	9984	1
7370	15	9984	1
7380	15	9984	1
7390	15	9984	1
7400	15	9984	1
7410	15	9984	1
7420	15	9984	1
7430	15	9984	1
7440	15	9984	1
7450	15	9984	1
7460	15	9984	1
7470	15	9984	1
7480	15	9984	1
7490	15	9984	1
7500	15	9984	1
7510	15	9984	1
7520	16	9983	1
7530	16	9983	1
7540	16	9983	1
7550	16	9983	1
7560	16	9983	1
7570	16	9983	1
7580	16	9983	1
7590	16	9983	1
7600	16	9983	1
7610	16	9983	1
7620	16	9983	1
7630	16	9983	1
7640	16	9983	1
7650	16	9983	1
7660	16	9983	1
7670	16	9983	1
7680	16	9983	1
7690	16	9983	1
7700	16	9983	1
7710	16	9983	1
7720	16	9983	1
7730	16	9983	1
7740	16	9983	1
7750	16	9983	1
7760	16	9983	1
7770	16	9983	1
7780	16	9983	1
7790	16	9983	1
7800	16	9983	1
7810	16	9983	1
7820	16	9983	1
7830	16	9983	1
7840	16	9983	1
7850	16	9983	1
7860	16	9983	1
7870	16	9983	1
7880	16	9983	1
7890	16	9983	1
7900	16	9983	1
7910	16	9983	1
7920	16	9983	1
7930	16	9983	1
7940	16	9983	1
7950	16	9983	1
7960	16	9983	1
7970	16	9983	1
7980	16	9983	1
7990	16	9983	1
8000	16	9983	1
8010	16	9983	1
8020	16	9983	1
8030	16	9983	1
8040	16	9983	1
8050	16	9983	1
8060	16	9983	1
8070	16	9983	1
8080	16	9983	1
8090	16	9983	1
8100	16	9983	1
8110	16	9983	1
8120	16	9983	1
8130	16	9983	1
8140	16	9983	1
8150	16	9983	1
8160	16	9983	1
8170	16	9983	1
8180	16	9983	1
8190	16	9983	1
8200	16	9983	1
8210	16	9983	1
8220	16	9983	1
8230	16	9983	1
8240	16	9983	1
8250	16	9983	1
8260	16	9983	1
8270	16	9983	1
8280	16	9983	1
8290	16	9983	1
8300	16	9983	1
8310	16	9983	1
8320	16	9983	1
8330	16	9983	1
8340	16	9983	1
8350	16	9983	1
8360	16	9983	1
8370	16	9983	1
8380	16	9983	1
8390	16	9983	1
8400	16	9983	1
8410	16	9983	1
8420	16	9983	1
8430	16	9983	1
8440	16	9983	1
8450	16	9983	1
8460	16	9983	1
8470	16	9983	1
8480	16	9983	1
8490	16	9983	1
8500	16	9983	1
8510	16	9983	1
8520	16	9983	1
8530	16	9983	1
8540	16	9983	1
8550	16	9983	1
8560	16	9983	1
8570	16	9983	1
8580	16	9983	1
8590	16	9983	1
8600	16	9983	1
8610	16	9983	1
8620	16	9983	1
8630	16	9983	1
8640	16	9983	1
8650	16	9983	1
8660	16	9983	1
8670	16	9983	1
8680	16	9983	1
8690	16	9983	1
8700	16	9983	1
8710	16	9983	1
8720	16	9983	1
8730	16	9983	1
8740	16	9983	1
8750	16	9983	1
8760	16	9983	1
8770	16	9983	1
8780	16	9983	1
8790	16	9983	1
8800	16	9983	1
8810	16	9983	1
8820	16	9983	1
8830	16	9983	1
8840	16	9983	1
8850	16	9983	1
8860	16	9983	1
8870	16	9983	1
8880	16	9983	1
8890	16	9983	1
8900	16	9983	1
8910	16	9983	1
8920	16	9983	1
8930	16	9983	1
8940	16	9983	1
8950	16	9983	1
8960	16	9983	1
8970	16	9983	1
8980	16	9983	1
8990	16	9983	1
9000	16	9983	1
9010	16	9983	1
9020	16	9983	1
9030	16	9983	1
9040	16	9983	1
9050	16	9983	1
9060	16	9983	1
9070	16	9983	1
9080	16	9983	1
9090	16	9983	1
9100	16	9983	1
9110	16	9983	1
9120	16	9983	1
9130	16	9983	1
9140	16	9983	1
9150	16	9983	1
9160	16	9983	1
9170	16	9983	1
9180	16	9983	1
9190	16	9983	1
9200	16	9983	1
9210	16	9983	1
9220	16	9983	1
9230	16	9983	1
9240	16	9983	1
9250	16	9983	1
9260	16	9983	1
9270	16	9983	1
9280	16	9983	1
9290	16	9983	1
9300	16	9983	1
9310	16	9983	1
9320	16	9983	1
9330	16	9983	1
9340	16	9983	1
9350	16	9983	1
9360	16	9983	1
9370	16	9983	1
9380	16	9983	1
9390	16	9983	1
9400	16	9983	1
9410	16	9983	1
9420	16	9983	1
9430	16	9983	1
9440	16	9983	1
9450	16	9983	1
9460	16	9983	1
9470	16	9983	1
9480	16	9983	1
9490	16	9983	1
9500	16	9983	1
9510	16	9983	1
9520	16	9983	1
9530	16	9983	1
9540	16	9983	1
9550	16	9983	1
9560	16	9983	1
9570	16	9983	1
9580	16	9983	1
9590	16	9983	1
9600	16	9983	1
9610	16	9983	1
9620	16	9983	1
9630	16	9983	1
9640	16	9983	1
9650	16	9983	1
9660	16	9983	1
9670	16	9983	1
9680	16	9983	1
9690	16	9983	1
9700	16	9983	1
9710	16	9983	1
9720	16	9983	1
9730	16	9983	1
9740	16	9983	1
9750	16	9983	1
9760	16	9983	1
9770	16	9983	1
9780	16	9983	1
9790	16	9983	1
9800	16	9983	1
9810	16	9983	1
9820	16	9983	1
9830	16	9983	1
9840	16	9983	1
9850	16	9983	1
9860	16	9983	1
9870	16	9983	1
9880	16	9983	1
9890	16	9983	1
9900	16	9983	1
9910	16	9983	1
9920	16	9983	1
9930	16	9983	1
9940	16	9983	1
9950	16	9983	1
9960	16	9983	1
9970	16	9983	1
9980	16	9983	1
9990	16	9983	1

